Run,Messages,Loss,Corruption,Time_bw_messages,Application_A,Transport_A,Transport_B,Application_B,Total_time,Throughput
1,20,0.1,0.0,50.0,20,20,17,10,1017.825500,0.009825
2,20,0.1,0.0,50.0,20,24,20,4,882.421204,0.004533
3,20,0.1,0.0,50.0,20,23,20,3,915.596741,0.003277
4,20,0.1,0.0,50.0,20,20,18,18,1066.636719,0.016875
5,20,0.1,0.0,50.0,20,21,16,4,1082.817505,0.003694
6,20,0.1,0.0,50.0,20,20,18,12,1195.794922,0.010035
7,20,0.1,0.0,50.0,20,22,19,12,940.159302,0.012764
8,20,0.1,0.0,50.0,20,21,19,19,903.937683,0.021019
9,20,0.1,0.0,50.0,20,22,18,17,1125.372559,0.015106
